[toggle-collapse.jpg]
filters=CrossProcess=1,0.000000;finetune2=1,0.000000,0.000000,0.480000,00000000,0.000000;
moddate=99ee13cd8a79d001
width=64
height=64
textactive=0
